985050308482
985050308482084
9811511117
+919743390993
+919790776065
8799742335
9769019244
+917042535759
9494249445
6203504808
9211618342
8948894866
079264041877
9558210868
079264041877955
7502555556
8610504273
+918686603303
191840803533
1918408035330
9990878711
928402451394
928402451394222
8591818812
018686603303
9696418605
89414108906
9899943997
+918098767192
9422242355
8421896797
9790844749
079264041879
079264041879558
98282816611
9414108906
+919699665442
9764425573
99414108906
9842208572
9597294193
+919481864472
+917511137779
9629615639
7200924604
+919873065024
8262835899
+919511764602
+917541848479
+912235680645
+918374764777
+918667494582
+918446602777
+918669988770
9561882115
+918955626990
+918814949246
+919717904079
9711700099
9888344147
948186447298
948186447298808