9850503084
8208432136
7823901282
9811511117
974339099
979077606
8799742335
9769019244
70425357
9494249445
6203504808
9211618342
1140555494
894889486
7926404187
9558210868
7502555556
8610504273
19186866033
8408035330
9990878711
9284024513
9422254362
89414108906
8591818812
8686603303
999087871
9696418605
59414108906
9899943997
8098767192
9422242355
1918686603303
8421896797
9790844749
9828281661
9764425573
980030862
4424671139
9842208572
9597294193
99414108906
948186447
491751113777
9629615639
7200924604
9873065024
8262835899
9511764602
754184847
2235680645
1837476477
8667494582
8446602777
8669988770
9561882115
8955626990
8814949246
9150826209
971790407
9711700099
9888344147
9414108906
9880852114